$ANSIBLE_VAULT;1.1;AES256
62616134313737613462613130343533656533373831376438636264656437623161656431396366
6565656430316336333938656666316364633739383933650a303239353735383963353839346230
37663733333534353336643539313132633962353232373363386562663162316361303139386432
6330626433376137660a313237383035666162363939313132363230643732616236633562323464
63333237663832656165663038666433376437633235353039336365386538373630386164666530
66333930366663353363666265656665386664623365623866343535663638633634326430666265
64356661636535646364376237393666346163306462626236626637373337336263373331653531
64623864303937396161663966663863333066313666623635633736306236366637393261313939
61343137376634623134386664373265656139623831333438653564373239633239653934636435
63616362366233373866396532306263393132383530313133643939386332396139666465336237
64613965363764383733313932393666616236393030336537313861373631323634336563626230
66623935343634663663313461656364616232643562623135663430306332306364333062303065
66646362393864363035373437663833633335666664356133333037666665303365626362363732
35376366393934363433633432633764663931336264646166383466363831393436666639383639
33643831653961313239656635633831653133373738653032643665653433373733343737393062
66396130356461643831626532363665643239656231313332373838653736396163386562323030
33666133626661613930303535363231383861326137633134666532366532653066363264646338
37646136373264306434643664643862386662646439306632623730323438343262393035343239
63336634386530613862303338353235346436376566623534303134313332633532616330303530
31353231323035323537663031396261666639373465346330666434626339343362643833393962
64666230666264393461386337663661316131363766626330653263313164366362393934376332
32356463626238633232393231366232313761333038393636353630366230613333643266356239
306264343861316664353061373864323336
