$ANSIBLE_VAULT;1.1;AES256
63643430616162323530373230316638316632616135343666366261613164306338663863363837
3963616131333838386330653564633762653365326465300a336434626133356666396165646432
37643633313938386634323535633365336663303037353931373135656139623166393363343061
3931333432383261360a396535346233303862303439646564306265333034323565316632636663
36653534646366626539343466303234363432616565303566363261643761306461363962366537
61613330303662653764656536363333373235386264333063613939616636333664313139383835
66366666306361653037313065653333663534326663646666653330306364306261646238336535
33656666386632613563376463366436643233333061663539363138396663303464353335386139
64383562396366363439306333336362343231623239306139396136613332656134656135386230
38353465623035616439626238343662383366306533333734643061353233613862633763653565
32623735383165386236626238666339326230333464373938373239353262643861383963656162
30336432643135343432343031386237656631346565666561663163666365623037346235313061
34333864306666636666396239623265313336316233303031623439306634663737383438623263
3833323530633663646238663964636434376537646461386439
