$ANSIBLE_VAULT;1.1;AES256
66333436313131613836613338363664613136393035306463393636373963383932613939343862
3436363032633730373230326165656363613732613561300a623233643864353039313163336535
35356466363461386465366466626661663336653539386565613466353536316235316564313837
3564633736643834640a313062303634626531353462363138393432333030356464313433396333
38666234396461366662633234313337313235626665306330333531336264313139623265643132
30656234386638643832346533393963646532306535346439646637363736363663313464343933
34306262346438346130363339356461316363643239343130386464353837396637663034316261
66353830303061353230376132333738393538663836663030366365636434393665656638346664
62383663623465653531633231386630353436316530363233313932303536333065623632353366
37643364653034316530323636323262393432386364353133313662316564383133396431313062
64313237313636623633626331613535353132623834396561343830366430353438323333333039
66373435333239663135326665376463383063333462633762623332383538646633363865323830
61633739613637626232316238346531316335643131323461316238336434643235316137626165
35326636623364393936303438323761666265666165363032656465343637356135303533656431
37636366613062363737303837636136343564333937356237393935613764353265396161656661
34666439363631646132626130646133663561353362623530626232353663376435323262666365
35343831623666613436613364323364356330653532383533346363383062626435343632616164
6336383461343231633830333632346465386366343436663837
