$ANSIBLE_VAULT;1.1;AES256
33343964653865636338303935306266653962666632353837653266363665303231363637383636
3733353966636263353635383738346333373936363530360a633739666637653431633166336161
37303165323631613539336564383862616231666334346633363166386235346661303536343231
3238353136383038390a636463373164646361343939633462633437303535383134373834356463
33613434623133353930333936306335646462643762306639306532383835343130343666393535
34343730663663363863623730633962356335336561626662666331303061643932646633383733
65336534366165613462623734313639336339323533653237313339653732656537373865626632
61666434363131393530393034383939316334623063363761316334303633633861303063396164
33346332656130376164396562323763396264626534303737316464623230343033373234623131
38626664326363373236666138343033626136666632313665626562353964623534653338663637
65363934646232373838356462663533303064346433343433346138633336653537356337373038
32333236663836333634303465356435623364366263316233356164313461383438396132366239
62336463303435633864333862356561336664643834363331326264623435353932376435363063
32386365363462343938643762363561663836326631396362373832373938666261636137343135
38323830343861646166353630303461633565393835326132316233383263363136396132643139
62383231363736333463366133326538303035383764306162383966323134653862306562313337
64613731363533633439666636643233383932343762393939356130633039666332303961313033
32666365396436326430633130323363666461383866613464333530306632663864316131303466
61366565666134613631393630373362313461386636393038326163333433333332306330623237
32386566656532323861623766383463383931666631656131633932653663313134643433643839
38633263643535366661663833383266303562656564333230333432633436303134393036623530
36373661323364336565663961373563646138333262653336616534616565376566376532623835
39343835353633353266383965303864613036636633363963346564393631363230306266383166
39663130333237303964653665306663336362366137633835316135643465306536333834653831
65376565343838653464653166613565366136313239643032363037613538653335356638636561
64393936633732633834346337636363646531636137633264633133346534336533643963306366
66353362613037643762336532303634373836303263393132656365646630343831353438633664
63346137336363363862393734623736636430666139353865393265373564616465626539623535
6231
